a <-2+2
a


a <- c(1,2,3,4)

b <- c(1,2,3,4)

a >= b
a < b

